 -94  -55   85  -73   15   91    0  -35  -67  -12 
   6   99  -39  -42   13  -89  -40   51   81  -91 
 -85   80   23  -50   29   44   93  -71   88   17 
  -1   44   12  -17   22  -73  -77  -79  -58  -44 
 -41   48  -46   21  -95   18  -18  -35  -32  -88 
 -76  -17   43   47  -17  -79  -60  -25  -50  -72 
  43   -1   22  -96   32  -57   82   56  -85  -77 
 -89  -26   72  -84   45   27  -16   77   43   52 
  90   67   85  -18  -36  -83    3    4  -58    3 
 -18   85  -98  -96   90   34   98   71  -11  -88 
